   0.00000000       2.43934239E-16   8.01623140E-16   2.06245916E-15   4.91560409E-15   1.14182777E-14   2.63898315E-14   6.12496843E-14   1.43332449E-13   3.38651497E-13   8.07845219E-13   1.94433293E-12   4.71681852E-12   1.15210966E-11   2.83040431E-11   6.98708591E-11   1.73168840E-10   4.30581487E-10   1.07346576E-09   2.68193712E-09   6.67890321E-09   1.66587366E-08   4.15035615E-08   1.02879184E-07   2.52382478E-07   6.09370034E-07   1.44113642E-06   3.32690473E-03   7.48457666E-03   1.64133310E-02   3.51574868E-02   7.38127306E-02  0.152534530      0.311528355      0.630549014       1.26485574       2.50350571       4.81847572       8.99774933       16.6063423       2.43934239E-16   0.00000000       5.83547732E-16   1.92775021E-15   4.98602599E-15   1.19450001E-14   2.78834200E-14   6.47395074E-14   1.50884039E-13   3.54399127E-13   8.40052257E-13   2.00950693E-12   4.84792761E-12   1.17839800E-11   2.88302160E-11   7.09230175E-11   1.75271894E-10   4.34784209E-10   1.08186471E-09   2.69872191E-09   6.71228229E-09   1.67251351E-08   4.16353672E-08   1.03139278E-07   2.52890118E-07   6.10344557E-07   1.44296803E-06   3.33026401E-03   7.49058044E-03   1.64237842E-02   3.51752676E-02   7.38423690E-02  0.152583167      0.311607212      0.630675733       1.26505768       2.50382280       4.81895971       8.99846649       16.6073914       8.01623140E-16   5.83547732E-16   0.00000000       1.40818995E-15   4.67319808E-15   1.21419098E-14   2.92164161E-14   6.84841317E-14   1.59615864E-13   3.73293085E-13   8.79477209E-13   2.09020756E-12   5.01137196E-12   1.21130397E-11   2.94904691E-11   7.22453278E-11   1.77917431E-10   4.40074227E-10   1.09243992E-09   2.71986123E-09   6.75432688E-09   1.68087837E-08   4.18014103E-08   1.03466938E-07   2.53529549E-07   6.11572204E-07   1.44527519E-06   3.33449570E-03   7.49814231E-03   1.64369587E-02   3.51976678E-02   7.38797113E-02  0.152644426      0.311706513      0.630835295       1.26531184       2.50422215       4.81956959       8.99936867       16.6087132       2.06245916E-15   1.92775021E-15   1.40818995E-15   0.00000000       3.42390114E-15   1.14068682E-14   2.97515173E-14   7.18545706E-14   1.69013824E-13   3.95172068E-13   9.26817650E-13   2.18903953E-12   5.21381072E-12   1.25233270E-11   3.03170128E-11   7.39047087E-11   1.81242299E-10   4.46728876E-10   1.10575116E-09   2.74647971E-09   6.80727918E-09   1.69141412E-08   4.20105692E-08   1.03879714E-07   2.54335134E-07   6.13118630E-07   1.44818205E-06   3.33982683E-03   7.50766788E-03   1.64535437E-02   3.52258794E-02   7.39267245E-02  0.152721554      0.311831534      0.631036162       1.26563144       2.50472426       4.82033682       9.00050545       16.6103764       4.91560409E-15   4.98602599E-15   4.67319808E-15   3.42390114E-15   0.00000000       8.37866357E-15   2.80058027E-14   7.32807573E-14   1.77529784E-13   4.18777507E-13   9.81701591E-13   2.30779003E-12   5.46182630E-12   1.30316088E-11   3.13477265E-11   7.59821928E-11   1.85414961E-10   4.55092880E-10   1.12249676E-09   2.77998491E-09   6.87395163E-09   1.70468262E-08   4.22740136E-08   1.04399639E-07   2.55349875E-07   6.15066710E-07   1.45184333E-06   3.34654190E-03   7.51966564E-03   1.64744351E-02   3.52614112E-02   7.39859492E-02  0.152818665      0.311989009      0.631289124       1.26603413       2.50535703       4.82130337       9.00193882       16.6124744       1.14182777E-14   1.19450001E-14   1.21419098E-14   1.14068682E-14   8.37866357E-15   0.00000000       2.06148524E-14   6.90947747E-14   1.81279213E-13   4.40282332E-13   1.04103163E-12   2.44559299E-12   5.75998017E-12   1.36545159E-11   3.26248716E-11   7.85731549E-11   1.90639393E-10   4.65589955E-10   1.14354426E-09   2.82213564E-09   6.95787383E-09   1.72138908E-08   4.26057873E-08   1.05054504E-07   2.56628027E-07   6.17520357E-07   1.45645492E-06   3.35499854E-03   7.53477542E-03   1.65007412E-02   3.53061408E-02   7.40604997E-02  0.152941018      0.312187284      0.631607711       1.26654148       2.50615358       4.82251978       9.00374126       16.6151142       2.63898315E-14   2.78834200E-14   2.92164161E-14   2.97515173E-14   2.80058027E-14   2.06148524E-14   0.00000000       5.09500381E-14   1.71157061E-13   4.50041697E-13   1.09531232E-12   2.59479222E-12   6.10623097E-12   1.44036606E-11   3.41903936E-11   8.17840518E-11   1.97155681E-10   4.78733608E-10   1.16996046E-09   2.87511437E-09   7.06344538E-09   1.74241741E-08   4.30235225E-08   1.05879181E-07   2.58237719E-07   6.20610592E-07   1.46226273E-06   3.36564868E-03   7.55380187E-03   1.65338702E-02   3.53624709E-02   7.41543621E-02  0.153094947      0.312436849      0.632008493       1.26717949       2.50715566       4.82405043       9.00600719       16.6184311       6.12496843E-14   6.47395074E-14   6.84841317E-14   7.18545706E-14   7.32807573E-14   6.90947747E-14   5.09500381E-14   0.00000000       1.26393823E-13   4.25387292E-13   1.12052685E-12   2.73175514E-12   6.48158220E-12   1.52741795E-11   3.60738037E-11   8.57207222E-11   2.05231929E-10   4.95128438E-10   1.20303811E-09   2.94160918E-09   7.19613658E-09   1.76887003E-08   4.35492886E-08   1.06917412E-07   2.60264613E-07   6.24501922E-07   1.46957575E-06   3.37905833E-03   7.57775689E-03   1.65755730E-02   3.54333818E-02   7.42725208E-02  0.153288707      0.312750876      0.632512987       1.26798224       2.50841689       4.82597589       9.00885963       16.6226063       1.43332449E-13   1.50884039E-13   1.59615864E-13   1.69013824E-13   1.77529784E-13   1.81279213E-13   1.71157061E-13   1.26393823E-13   0.00000000       3.14508212E-13   1.06010524E-12   2.79653709E-12   6.82707450E-12   1.62187885E-11   3.82634029E-11   9.04579883E-11   2.15135298E-10   5.15450294E-10   1.24430033E-09   3.02487568E-09   7.36266825E-09   1.80211579E-08   4.42106440E-08   1.08224064E-07   2.62816144E-07   6.29400972E-07   1.47878279E-06   3.39594018E-03   7.60791078E-03   1.66280642E-02   3.55226099E-02   7.44211972E-02  0.153532490      0.313145965      0.633147538       1.26899278       2.51000357       4.82839870       9.01244640       16.6278553       3.38651497E-13   3.54399127E-13   3.73293085E-13   3.95172068E-13   4.18777507E-13   4.40282332E-13   4.50041697E-13   4.25387292E-13   3.14508212E-13   0.00000000       7.84541486E-13   2.64769088E-12   6.99280521E-12   1.70901088E-11   4.06412473E-11   9.59675048E-11   2.27055236E-10   5.40372358E-10   1.29544964E-09   3.12875015E-09   7.57118634E-09   1.84383833E-08   4.50417659E-08   1.09867479E-07   2.66026746E-07   6.35566721E-07   1.49037089E-06   3.41718644E-03   7.64585752E-03   1.66941117E-02   3.56348753E-02   7.46082067E-02  0.153839156      0.313642889      0.633945525       1.27026272       2.51199770       4.83144236       9.01695251       16.6344471       8.07845219E-13   8.40052257E-13   8.79477209E-13   9.26817650E-13   9.81701591E-13   1.04103163E-12   1.09531232E-12   1.12052685E-12   1.06010524E-12   7.84541486E-13   0.00000000       1.96098346E-12   6.62455160E-12   1.75127048E-11   4.28383128E-11   1.01954438E-10   2.40922532E-10   5.70374081E-10   1.35818379E-09   3.25752025E-09   7.83128229E-09   1.89607547E-08   4.60847041E-08   1.11932508E-07   2.70063993E-07   6.43322835E-07   1.50494952E-06   3.44391586E-03   7.69359246E-03   1.67771839E-02   3.57760563E-02   7.48433545E-02  0.154224634      0.314267486      0.634948432       1.27185869       2.51450324       4.83526659       9.02261066       16.6427212       1.94433293E-12   2.00950693E-12   2.09020756E-12   2.18903953E-12   2.30779003E-12   2.44559299E-12   2.59479222E-12   2.73175514E-12   2.79653709E-12   2.64769088E-12   1.96098346E-12   0.00000000       4.90949469E-12   1.65983911E-11   4.39131509E-11   1.07493625E-10   2.55998889E-10   6.05285655E-10   1.43371448E-09   3.41546902E-09   8.15366530E-09   1.96122638E-08   4.73903192E-08   1.14523282E-07   2.75135477E-07   6.53072220E-07   1.52328005E-06   3.47752543E-03   7.75360968E-03   1.68816131E-02   3.59535031E-02   7.51388445E-02  0.154708967      0.315052032      0.636208057       1.27386248       2.51764894       4.84006596       9.02971363       16.6531010       4.71681852E-12   4.84792761E-12   5.01137196E-12   5.21381072E-12   5.46182630E-12   5.75998017E-12   6.10623097E-12   6.48158220E-12   6.82707450E-12   6.99280521E-12   6.62455160E-12   4.90949469E-12   0.00000000       1.23073869E-11   4.16364790E-11   1.10221977E-10   2.69962691E-10   6.43256448E-10   1.52162272E-09   3.60565666E-09   8.54899707E-09   2.04196642E-08   4.90183858E-08   1.17765687E-07   2.81495716E-07   6.65312768E-07   1.54630698E-06   3.51975416E-03   7.82901607E-03   1.70128010E-02   3.61763686E-02   7.55098909E-02  0.155316979      0.316036731      0.637788594       1.27637708       2.52159524       4.84608459       9.03861237       16.6661034       1.15210966E-11   1.17839800E-11   1.21130397E-11   1.25233270E-11   1.30316088E-11   1.36545159E-11   1.44036606E-11   1.52741795E-11   1.62187885E-11   1.70901088E-11   1.75127048E-11   1.65983911E-11   1.23073869E-11   0.00000000       3.08852006E-11   1.04539648E-10   2.76877521E-10   6.78454737E-10   1.61726410E-09   3.82704535E-09   9.02482711E-09   2.14095088E-08   5.10354390E-08   1.21807346E-07   2.89451435E-07   6.80653443E-07   1.57519480E-06   3.57275316E-03   7.92366266E-03   1.71774402E-02   3.64560038E-02   7.59753212E-02  0.156079471      0.317271322      0.639769793       1.27952790       2.52653909       4.85362148       9.04975033       16.6823616       2.83040431E-11   2.88302160E-11   2.94904691E-11   3.03170128E-11   3.13477265E-11   3.26248716E-11   3.41903936E-11   3.60738037E-11   3.82634029E-11   4.06412473E-11   4.28383128E-11   4.39131509E-11   4.16364790E-11   3.08852006E-11   0.00000000       7.75707831E-11   2.62667971E-10   6.95958791E-10   1.70598180E-09   4.06796818E-09   9.57832924E-09   2.26004246E-08   5.35072857E-08   1.26812012E-07   2.99361034E-07   6.99824739E-07   1.61135847E-06   3.63915716E-03   8.04228522E-03   1.73837859E-02   3.68064120E-02   7.65584037E-02  0.157034397      0.318817019      0.642249465       1.28347063       2.53272247       4.86304426       9.06366062       16.7026482       6.98708591E-11   7.09230175E-11   7.22453278E-11   7.39047087E-11   7.59821928E-11   7.85731549E-11   8.17840518E-11   8.57207222E-11   9.04579883E-11   9.59675048E-11   1.01954438E-10   1.07493625E-10   1.10221977E-10   1.04539648E-10   7.75707831E-11   0.00000000       3.10127757E-10   1.66754832E-09   7.01579550E-09   2.73073759E-08   1.02823307E-07   3.84567670E-07   1.43751834E-06   5.37114056E-06   1.99857732E-05   7.36760485E-05   2.67705764E-04   3.72214802E-03   8.19064118E-03   1.76419038E-02   3.72446924E-02   7.72875249E-02  0.158228114      0.320748568      0.645347178       1.28839421       2.54044175       4.87479782       9.08099937       16.7279053       1.73168840E-10   1.75271894E-10   1.77917431E-10   1.81242299E-10   1.85414961E-10   1.90639393E-10   1.97155681E-10   2.05231929E-10   2.15135298E-10   2.27055236E-10   2.40922532E-10   2.55998889E-10   2.69962691E-10   2.76877521E-10   2.62667971E-10   3.10127757E-10   0.00000000       2.48195153E-09   1.33488705E-08   5.61759634E-08   2.17417579E-07   8.19319837E-07   3.05819776E-06   1.13647584E-05   4.19966891E-05   1.53724119E-04   5.54876635E-04   3.82546522E-03   8.37559719E-03   1.79638974E-02   3.77914868E-02   7.81970024E-02  0.159716636      0.323156297      0.649207115       1.29452705       2.55005169       4.88941908       9.10253716       16.7592335       4.30581487E-10   4.34784209E-10   4.40074227E-10   4.46728876E-10   4.55092880E-10   4.65589955E-10   4.78733608E-10   4.95128438E-10   5.15450294E-10   5.40372358E-10   5.70374081E-10   6.05285655E-10   6.43256448E-10   6.78454737E-10   6.95958791E-10   1.66754832E-09   2.48195153E-09   0.00000000       1.38543967E-08   7.45296092E-08   3.11633414E-07   1.20748211E-06   4.54138444E-06   1.68513270E-05   6.19304628E-05   2.25121345E-04   8.06847936E-04   3.95330228E-03   8.60507693E-03   1.83639210E-02   3.84711362E-02   7.93274939E-02  0.161566526      0.326147527      0.654000759       1.30213964       2.56197381       4.90753841       9.12918663       16.7979145       1.07346576E-09   1.08186471E-09   1.09243992E-09   1.10575116E-09   1.12249676E-09   1.14354426E-09   1.16996046E-09   1.20303811E-09   1.24430033E-09   1.29544964E-09   1.35818379E-09   1.43371448E-09   1.52162272E-09   1.61726410E-09   1.70598180E-09   7.01579550E-09   1.33488705E-08   1.38543967E-08   0.00000000       6.78465355E-08   3.62042442E-07   1.51688698E-06   5.86676606E-06   2.19340873E-05   8.04834272E-05   2.90947937E-04   1.03556504E-03   4.10991767E-03   8.88765790E-03   1.88578255E-02   3.93113457E-02   8.07256997E-02  0.163854524      0.329846472      0.659926534       1.31154609       2.57669449       4.92988205       9.16197872       16.8453941       2.68193712E-09   2.69872191E-09   2.71986123E-09   2.74647971E-09   2.77998491E-09   2.82213564E-09   2.87511437E-09   2.94160918E-09   3.02487568E-09   3.12875015E-09   3.25752025E-09   3.41546902E-09   3.60565666E-09   3.82704535E-09   4.06796818E-09   2.73073759E-08   5.61759634E-08   7.45296092E-08   6.78465355E-08   0.00000000       3.06590636E-07   1.64531082E-06   6.88445198E-06   2.64685659E-05   9.78487224E-05   3.53153067E-04   1.25006645E-03   4.29862877E-03   9.23141930E-03   1.94617957E-02   4.03415971E-02   8.24424177E-02  0.166665226      0.334390730      0.667205155       1.32309508       2.59475470       4.95724869       9.20203209       16.9031906       6.67890321E-09   6.71228229E-09   6.75432688E-09   6.80727918E-09   6.87395163E-09   6.95787383E-09   7.06344538E-09   7.19613658E-09   7.36266825E-09   7.57118634E-09   7.83128229E-09   8.15366530E-09   8.54899707E-09   9.02482711E-09   9.57832924E-09   1.02823307E-07   2.17417579E-07   3.11633414E-07   3.62042442E-07   3.06590636E-07   0.00000000       1.34345851E-06   7.18197134E-06   2.98350060E-05   1.13337795E-04   4.11966903E-04   1.45572238E-03   4.52066027E-03   9.64291953E-03   2.01916043E-02   4.15928774E-02   8.45331028E-02  0.170092762      0.339935511      0.676087439       1.33718526       2.61677170       4.99054623       9.25059986       16.9729824       1.66587366E-08   1.67251351E-08   1.68087837E-08   1.69141412E-08   1.70468262E-08   1.72138908E-08   1.74241741E-08   1.76887003E-08   1.80211579E-08   1.84383833E-08   1.89607547E-08   1.96122638E-08   2.04196642E-08   2.14095088E-08   2.26004246E-08   3.84567670E-07   8.19319837E-07   1.20748211E-06   1.51688698E-06   1.64531082E-06   1.34345851E-06   0.00000000       5.69980466E-06   3.02417957E-05   1.24103986E-04   4.63543838E-04   1.64987764E-03   4.76800557E-03   1.01179816E-02   2.10503433E-02   4.30808961E-02   8.70341733E-02  0.174206838      0.346603125      0.686778188       1.35414767       2.64325881       5.03050661       9.30862045       17.0558662       4.15035615E-08   4.16353672E-08   4.18014103E-08   4.20105692E-08   4.22740136E-08   4.26057873E-08   4.30235225E-08   4.35492886E-08   4.42106440E-08   4.50417659E-08   4.60847041E-08   4.73903192E-08   4.90183858E-08   5.10354390E-08   5.35072857E-08   1.43751834E-06   3.05819776E-06   4.54138444E-06   5.86676606E-06   6.88445198E-06   7.18197134E-06   5.69980466E-06   0.00000000       2.34621475E-05   1.22952901E-04   4.96170425E-04   1.81533676E-03   5.01591060E-03   1.06336391E-02   2.20199432E-02   4.47972156E-02   8.99541005E-02  0.179044008      0.354475737      0.699432135       1.37424874       2.67463803       5.07770872       9.37674141       17.1524124       1.02879184E-07   1.03139278E-07   1.03466938E-07   1.03879714E-07   1.04399639E-07   1.05054504E-07   1.05879181E-07   1.06917412E-07   1.08224064E-07   1.09867479E-07   1.11932508E-07   1.14523282E-07   1.17765687E-07   1.21807346E-07   1.26812012E-07   5.37114056E-06   1.13647584E-05   1.68513270E-05   2.19340873E-05   2.64685659E-05   2.98350060E-05   3.02417957E-05   2.34621475E-05   0.00000000       9.34255077E-05   4.81671421E-04   1.90524943E-03   5.20399539E-03   1.11265387E-02   2.30359901E-02   4.66793701E-02   9.32370350E-02  0.184562445      0.363537222      0.714077294       1.39758408       2.71109152       5.13236666       9.45501137       17.2621651       2.52382478E-07   2.52890118E-07   2.53529549E-07   2.54335134E-07   2.55349875E-07   2.56628027E-07   2.58237719E-07   2.60264613E-07   2.62816144E-07   2.66026746E-07   2.70063993E-07   2.75135477E-07   2.81495716E-07   2.89451435E-07   2.99361034E-07   1.99857732E-05   4.19966891E-05   6.19304628E-05   8.04834272E-05   9.78487224E-05   1.13337795E-04   1.24103986E-04   1.22952901E-04   9.34255077E-05   0.00000000       3.58675985E-04   1.81440986E-03   5.20258024E-03   1.14561114E-02   2.39471775E-02   4.85658869E-02   9.67125371E-02  0.190585047      0.373609155      0.730542362       1.42400002       2.75247192       5.19421768       9.54272270       17.3834305       6.09370034E-07   6.10344557E-07   6.11572204E-07   6.13118630E-07   6.15066710E-07   6.17520357E-07   6.20610592E-07   6.24501922E-07   6.29400972E-07   6.35566721E-07   6.43322835E-07   6.53072220E-07   6.65312768E-07   6.80653443E-07   6.99824739E-07   7.36760485E-05   1.53724119E-04   2.25121345E-04   2.90947937E-04   3.53153067E-04   4.11966903E-04   4.63543838E-04   4.96170425E-04   4.81671421E-04   3.58675985E-04   0.00000000       1.32432720E-03   4.75006178E-03   1.13377254E-02   2.44438145E-02   5.01196720E-02  0.100013599      0.196713015      0.384260267      0.748366117       1.45300543       2.79823136       5.26247883       9.63840580       17.5133362       1.44113642E-06   1.44296803E-06   1.44527519E-06   1.44818205E-06   1.45184333E-06   1.45645492E-06   1.46226273E-06   1.46957575E-06   1.47878279E-06   1.49037089E-06   1.50494952E-06   1.52328005E-06   1.54630698E-06   1.57519480E-06   1.61135847E-06   2.67705764E-04   5.54876635E-04   8.06847936E-04   1.03556504E-03   1.25006645E-03   1.45572238E-03   1.64987764E-03   1.81533676E-03   1.90524943E-03   1.81440986E-03   1.32432720E-03   0.00000000       3.33802099E-03   1.02227135E-02   2.39326600E-02   5.06980643E-02  0.102443002      0.202190518      0.394675821      0.766680896       1.48368931       2.84739447       5.33591461       9.74004459       17.6482754       3.32690473E-03   3.33026401E-03   3.33449570E-03   3.33982683E-03   3.34654190E-03   3.35499854E-03   3.36564868E-03   3.37905833E-03   3.39594018E-03   3.41718644E-03   3.44391586E-03   3.47752543E-03   3.51975416E-03   3.57275316E-03   3.63915716E-03   3.72214802E-03   3.82546522E-03   3.95330228E-03   4.10991767E-03   4.29862877E-03   4.52066027E-03   4.76800557E-03   5.01591060E-03   5.20399539E-03   5.20258024E-03   4.75006178E-03   3.33802099E-03   0.00000000       7.08097313E-03   2.13136692E-02   4.91245538E-02  0.102742277      0.205675736      0.403439432      0.784022033       1.51458240       2.89852333       5.41296101       9.84545612       17.7846947       7.48457666E-03   7.49058044E-03   7.49814231E-03   7.50766788E-03   7.51966564E-03   7.53477542E-03   7.55380187E-03   7.57775689E-03   7.60791078E-03   7.64585752E-03   7.69359246E-03   7.75360968E-03   7.82901607E-03   7.92366266E-03   8.04228522E-03   8.19064118E-03   8.37559719E-03   8.60507693E-03   8.88765790E-03   9.23141930E-03   9.64291953E-03   1.01179816E-02   1.06336391E-02   1.11265387E-02   1.14561114E-02   1.13377254E-02   1.02227135E-02   7.08097313E-03   0.00000000       1.45706031E-02   4.32716459E-02   9.86686572E-02  0.204816386      0.408115774      0.797934175       1.54332161       2.94947672       5.49164486       9.95244217       17.9196568       1.64133310E-02   1.64237842E-02   1.64369587E-02   1.64535437E-02   1.64744351E-02   1.65007412E-02   1.65338702E-02   1.65755730E-02   1.66280642E-02   1.66941117E-02   1.67771839E-02   1.68816131E-02   1.70128010E-02   1.71774402E-02   1.73837859E-02   1.76419038E-02   1.79638974E-02   1.83639210E-02   1.88578255E-02   1.94617957E-02   2.01916043E-02   2.10503433E-02   2.20199432E-02   2.30359901E-02   2.39471775E-02   2.44438145E-02   2.39326600E-02   2.13136692E-02   1.45706031E-02   0.00000000       2.92727631E-02   8.61883685E-02  0.195423692      0.404408008      0.804118991       1.56579673       2.99658561       5.56879568       10.0580606       18.0501881       3.51574868E-02   3.51752676E-02   3.51976678E-02   3.52258794E-02   3.52614112E-02   3.53061408E-02   3.53624709E-02   3.54333818E-02   3.55226099E-02   3.56348753E-02   3.57760563E-02   3.59535031E-02   3.61763686E-02   3.64560038E-02   3.68064120E-02   3.72446924E-02   3.77914868E-02   3.84711362E-02   3.93113457E-02   4.03415971E-02   4.15928774E-02   4.30808961E-02   4.47972156E-02   4.66793701E-02   4.85658869E-02   5.01196720E-02   5.06980643E-02   4.91245538E-02   4.32716459E-02   2.92727631E-02   0.00000000       5.79068810E-02  0.169843435      0.384454519      0.794641674       1.57424617       3.03259587       5.63775778       10.1559401       18.1700649       7.38127306E-02   7.38423690E-02   7.38797113E-02   7.39267245E-02   7.39859492E-02   7.40604997E-02   7.41543621E-02   7.42725208E-02   7.44211972E-02   7.46082067E-02   7.48433545E-02   7.51388445E-02   7.55098909E-02   7.59753212E-02   7.65584037E-02   7.72875249E-02   7.81970024E-02   7.93274939E-02   8.07256997E-02   8.24424177E-02   8.45331028E-02   8.70341733E-02   8.99541005E-02   9.32370350E-02   9.67125371E-02  0.100013599      0.102443002      0.102742277       9.86686572E-02   8.61883685E-02   5.79068810E-02   0.00000000      0.113759704      0.333467096      0.754350305       1.55338645       3.04239368       5.68349123       10.2304420       18.2625217      0.152534530      0.152583167      0.152644426      0.152721554      0.152818665      0.152941018      0.153094947      0.153288707      0.153532490      0.153839156      0.154224634      0.154708967      0.155316979      0.156079471      0.157034397      0.158228114      0.159716636      0.161566526      0.163854524      0.166665226      0.170092762      0.174206838      0.179044008      0.184562445      0.190585047      0.196713015      0.202190518      0.205675736      0.204816386      0.195423692      0.169843435      0.113759704       0.00000000      0.223247871      0.654017627       1.47305250       2.99496102       5.67349815       10.2459831       18.2872982      0.311528355      0.311607212      0.311706513      0.311831534      0.311989009      0.312187284      0.312436849      0.312750876      0.313145965      0.313642889      0.314267486      0.315052032      0.316036731      0.317271322      0.318817019      0.320748568      0.323156297      0.326147527      0.329846472      0.334390730      0.339935511      0.346603125      0.354475737      0.363537222      0.373609155      0.384260267      0.394675821      0.403439432      0.408115774      0.404408008      0.384454519      0.333467096      0.223247871       0.00000000      0.437634289       1.27483046       2.82911944       5.54227495       10.1295614       18.1604633      0.630549014      0.630675733      0.630835295      0.631036162      0.631289124      0.631607711      0.632008493      0.632512987      0.633147538      0.633945525      0.634948432      0.636208057      0.637788594      0.639769793      0.642249465      0.645347178      0.649207115      0.654000759      0.659926534      0.667205155      0.676087439      0.686778188      0.699432135      0.714077294      0.730542362      0.748366117      0.766680896      0.784022033      0.797934175      0.804118991      0.794641674      0.754350305      0.654017627      0.437634289       0.00000000      0.849124193       2.42996430       5.16682434       9.74492359       17.7269154       1.26485574       1.26505768       1.26531184       1.26563144       1.26603413       1.26654148       1.26717949       1.26798224       1.26899278       1.27026272       1.27185869       1.27386248       1.27637708       1.27952790       1.28347063       1.28839421       1.29452705       1.30213964       1.31154609       1.32309508       1.33718526       1.35414767       1.37424874       1.39758408       1.42400002       1.45300543       1.48368931       1.51458240       1.54332161       1.56579673       1.57424617       1.55338645       1.47305250       1.27483046      0.849124193       0.00000000       1.59479690       4.33407450       8.86200619       16.7331924       2.50350571       2.50382280       2.50422215       2.50472426       2.50535703       2.50615358       2.50715566       2.50841689       2.51000357       2.51199770       2.51450324       2.51764894       2.52159524       2.52653909       2.53272247       2.54044175       2.55005169       2.56197381       2.57669449       2.59475470       2.61677170       2.64325881       2.67463803       2.71109152       2.75247192       2.79823136       2.84739447       2.89852333       2.94947672       2.99658561       3.03259587       3.04239368       2.99496102       2.82911944       2.42996430       1.59479690       0.00000000       2.71700072       7.14571142       14.8345871       4.81847572       4.81895971       4.81956959       4.82033682       4.82130337       4.82251978       4.82405043       4.82597589       4.82839870       4.83144236       4.83526659       4.84006596       4.84608459       4.85362148       4.86304426       4.87479782       4.88941908       4.90753841       4.92988205       4.95724869       4.99054623       5.03050661       5.07770872       5.13236666       5.19421768       5.26247883       5.33591461       5.41296101       5.49164486       5.56879568       5.63775778       5.68349123       5.67349815       5.54227495       5.16682434       4.33407450       2.71700072       0.00000000       4.34051847       11.8629913       8.99774933       8.99846649       8.99936867       9.00050545       9.00193882       9.00374126       9.00600719       9.00885963       9.01244640       9.01695251       9.02261066       9.02971363       9.03861237       9.04975033       9.06366062       9.08099937       9.10253716       9.12918663       9.16197872       9.20203209       9.25059986       9.30862045       9.37674141       9.45501137       9.54272270       9.63840580       9.74004459       9.84545612       9.95244217       10.0580606       10.1559401       10.2304420       10.2459831       10.1295614       9.74492359       8.86200619       7.14571142       4.34051847       0.00000000       7.47599220       16.6063423       16.6073914       16.6087132       16.6103764       16.6124744       16.6151142       16.6184311       16.6226063       16.6278553       16.6344471       16.6427212       16.6531010       16.6661034       16.6823616       16.7026482       16.7279053       16.7592335       16.7979145       16.8453941       16.9031906       16.9729824       17.0558662       17.1524124       17.2621651       17.3834305       17.5133362       17.6482754       17.7846947       17.9196568       18.0501881       18.1700649       18.2625217       18.2872982       18.1604633       17.7269154       16.7331924       14.8345871       11.8629913       7.47599220       0.00000000    
